actual.tot,pred.tot,cl.tot,aj.msep,cl.msep,mcrps
179604899.260089,169942029.072666,184943204.062983,800688.016715178,145849.480479909,89913.0464626522
176646771.597697,170086923.188322,189325566.642555,834571.24744352,3817299.17120712,105343.103673806
176157074.611327,167247287.437174,181419345.061882,778342.111734757,3857532.68316253,83907.6747137358
178112482.081542,170281999.458495,184323193.533629,852702.701310309,2177277.44592758,78538.4149951365
176131295.725975,169233048.503561,176387986.549984,826668.27584592,1718196.43572841,84665.1655166241
177612602.511391,170735431.020476,188796283.456767,893726.204016893,3366207.8918839,110061.775711981
174256579.319214,167444647.220534,180218270.662372,810047.501571954,2514354.63775976,85376.3859268447
177952565.396846,172307567.015551,181133784.272388,832999.615686719,874443.102451354,98160.746511476
175866205.460911,166974156.836181,179342007.667239,843092.870405945,2575987.39665612,81518.4424519866
176304155.203117,170137373.617777,180624638.054711,826647.945085548,535941.306520343,77336.4130994426
